843, 02, 7747873230, 74982406633, 1672595776, 1672596277
844, 01, 74982406633, 7747873230, 1672595776, 1672596277
845, 01, 787845253770, 74374224157, 1672592586, 1672596277
846, 02, 74374224157, 787845253770, 1672592586, 1672596277
847, 02, 76168793160, 71364416478, 1672596143, 1672596700
848, 01, 71364416478, 76168793160, 1672596143, 1672596700
849, 01, 7968969935, 74374224157, 1672596381, 1672596700
850, 02, 74374224157, 7968969935, 1672596381, 1672596700
851, 02, 7968969935, 71364416478, 1672596733, 1672596842
852, 01, 71364416478, 7968969935, 1672596733, 1672596842
